symbol	prev_close	prev_low	curr_open	curr_low	curr_close	volume	percent_gain	pe_ratio
KPITTECH.NS	740.05	737.00	738.05	727.65	759.05	2877480	2.85	28.97
BHEL.NS	344.50	342.51	344.40	342.04	352.41	17432476	2.33	151.24
CESC.NS	186.78	183.10	183.87	182.55	187.53	2371203	1.99	16.88
AARTIIND.NS	502.35	499.55	500.00	495.90	507.50	1493230	1.50	48.75
SONACOMS.NS	599.70	596.35	598.80	586.15	607.25	2865734	1.41	61.52
LAURUSLABS.NS	1106.10	1085.00	1086.30	1080.00	1100.95	2364117	1.35	70.79
FEDERALBNK.NS	284.75	282.55	284.70	280.00	286.95	13939720	0.79	16.45
DELHIVERY.NS	466.30	463.35	463.45	454.15	467.05	2562642	0.78	232.34
ADANIPORTS.NS	1661.10	1644.90	1650.00	1596.80	1657.30	6313698	0.44	28.80
BSOFT.NS	369.40	367.70	368.50	364.30	369.45	365634	0.26	22.19
PNBHOUSING.NS	1053.05	1034.35	1043.05	1027.50	1045.65	1424315	0.25	11.88
SBILIFE.NS	1816.20	1792.90	1814.90	1785.20	1819.00	1082053	0.23	74.10
CROMPTON.NS	276.01	269.63	272.40	266.00	272.36	6912508	-0.01	37.82
MGL.NS	1146.00	1132.00	1135.95	1116.95	1135.65	166402	-0.03	11.75
HCLTECH.NS	1200.20	1192.10	1200.00	1184.00	1199.10	5070033	-0.08	19.57
NCC.NS	164.90	163.51	164.00	161.50	163.84	2111875	-0.10	14.24
AUROPHARMA.NS	1396.80	1389.30	1392.00	1378.60	1389.50	606347	-0.18	23.08
NTPC.NS	401.30	399.65	400.00	393.15	399.15	7706357	-0.21	22.12
DRREDDY.NS	1329.80	1321.50	1327.00	1313.60	1322.90	1227007	-0.31	19.53
360ONE.NS	1046.80	1034.15	1038.20	1009.00	1034.65	1026753	-0.34	35.64
CONCOR.NS	514.60	508.50	510.60	506.00	508.85	1678788	-0.34	30.27
PAYTM.NS	1104.20	1099.00	1100.00	1082.50	1095.80	2105310	-0.38	
POWERGRID.NS	320.35	318.25	319.60	315.95	318.35	9521058	-0.39	20.49
EXIDEIND.NS	363.45	356.90	362.00	356.00	360.55	2235828	-0.40	36.95
MARICO.NS	779.30	775.90	778.10	765.65	775.00	1716176	-0.40	58.58
IEX.NS	126.05	125.65	125.70	123.80	125.19	5162770	-0.41	22.58
COFORGE.NS	1204.00	1200.00	1202.00	1178.10	1195.90	1424354	-0.51	35.74
DLF.NS	594.45	589.35	590.00	579.80	587.00	3576402	-0.51	32.80
PRESTIGE.NS	1433.70	1406.10	1423.10	1397.40	1414.40	301820	-0.61	62.66
JSWSTEEL.NS	1279.70	1257.00	1272.50	1250.40	1264.50	1366233	-0.63	41.45
INDUSTOWER.NS	413.90	411.55	413.00	407.00	409.95	4414903	-0.74	15.14
POLICYBZR.NS	1684.30	1667.10	1680.10	1641.50	1666.20	729684	-0.83	133.13
FORTIS.NS	935.20	929.25	930.65	910.55	922.95	1057073	-0.83	72.37
NYKAA.NS	267.85	266.69	266.97	263.07	264.76	2079022	-0.83	533.60
PHOENIXLTD.NS	1790.30	1763.80	1780.00	1726.90	1765.00	563716	-0.84	50.59
GAIL.NS	165.66	164.57	164.68	161.31	163.23	7518096	-0.88	12.56
COLPAL.NS	2132.50	2104.60	2115.20	2090.00	2096.20	366494	-0.90	43.00
HAVELLS.NS	1252.50	1249.20	1252.00	1233.00	1240.60	1559906	-0.91	46.17
SBICARD.NS	651.20	643.05	650.00	632.15	643.90	1977335	-0.94	28.30
ASTRAL.NS	1552.80	1544.20	1546.00	1520.60	1529.70	333474	-1.05	82.23
JUBLFOOD.NS	485.40	477.25	483.75	469.60	478.60	1109585	-1.06	99.17
BHARATFORG.NS	1907.80	1897.20	1904.10	1846.70	1881.60	2076179	-1.18	79.71
BEL.NS	437.55	435.25	436.45	424.50	431.30	15795581	-1.18	52.98
TATAPOWER.NS	451.50	449.40	450.00	439.30	444.55	6116311	-1.21	37.53
PATANJALI.NS	466.30	462.10	465.20	455.50	459.45	1811550	-1.24	30.27
HDFCLIFE.NS	594.40	589.60	594.35	578.40	586.90	6234625	-1.25	66.48
IREDA.NS	137.21	136.80	136.82	133.40	135.10	5951746	-1.26	19.85
INDIANB.NS	875.55	862.20	863.00	812.70	851.85	9226296	-1.29	9.78
UNOMINDA.NS	1131.80	1126.30	1127.10	1099.10	1112.50	567965	-1.30	56.58
CGPOWER.NS	825.60	820.30	824.75	803.90	813.35	3248937	-1.38	113.67
BDL.NS	1394.10	1382.40	1384.30	1352.20	1364.10	1349217	-1.46	86.73
AXISBANK.NS	1296.40	1279.00	1288.00	1257.30	1268.30	16481853	-1.53	15.10
IRCTC.NS	550.10	543.70	548.00	536.15	539.55	1074426	-1.54	30.40
LTF.NS	285.42	284.38	284.42	277.38	279.73	3778162	-1.65	23.62
GODREJCP.NS	1090.05	1084.00	1085.10	1043.05	1067.10	1714183	-1.66	60.04
OBEROIRLTY.NS	1700.30	1693.80	1700.10	1658.10	1669.60	482607	-1.79	27.09
RECLTD.NS	363.55	358.10	361.10	352.75	354.30	9031675	-1.88	5.74
ICICIPRULI.NS	524.35	522.00	524.00	512.60	513.85	1123792	-1.94	46.26
HINDALCO.NS	1067.20	1053.00	1058.50	1030.40	1038.00	4392857	-1.94	14.35
TATASTEEL.NS	215.88	211.36	215.78	210.00	211.36	24894783	-2.05	28.72
HINDUNILVR.NS	2314.40	2291.00	2312.00	2211.60	2250.90	4434979	-2.64	52.43
VOLTAS.NS	1474.80	1465.00	1470.00	1418.20	1430.40	1259835	-2.69	94.85
M&MFIN.NS	320.20	311.70	320.00	309.05	310.70	5588528	-2.91	14.94
HINDCOPPER.NS	555.25	548.25	553.35	532.05	534.85	4384552	-3.34	78.68
PFC.NS	464.75	461.90	464.00	447.00	448.40	9436314	-3.36	5.88
NATIONALUM.NS	433.30	430.00	431.00	394.25	399.30	17624227	-7.35	11.83
